#!/usr/bin/env python3
# -*- coding: utf-8 -*-
"""
Created on Tue Apr  5 14:10:42 2022

@author: claraiglhaut
"""
import numpy as np

#%% AMINO ACID SUBSTITUTION MODELS

WAG = np.array([[-1.11715057e+00,  2.54545984e-02,  2.09164670e-02,
         4.42435753e-02,  2.08117574e-02,  3.50234436e-02,
         9.64488758e-02,  1.23784499e-01,  8.12702170e-03,
         9.83413728e-03,  3.60024059e-02,  5.89977967e-02,
         1.82884104e-02,  8.49024422e-03,  6.90921971e-02,
         2.45933079e-01,  1.35822601e-01,  1.70810650e-03,
         8.91220187e-03,  1.49259156e-01],
       [ 5.01473302e-02, -9.74317971e-01,  2.60650109e-02,
         8.81904364e-03,  1.07031693e-02,  1.17008471e-01,
         2.67594522e-02,  5.10845220e-02,  5.47986914e-02,
         9.51083433e-03,  4.50280923e-02,  3.48377118e-01,
         1.39832154e-02,  4.14283292e-03,  3.26352146e-02,
         8.93169898e-02,  3.55011364e-02,  1.75731159e-02,
         1.41246562e-02,  1.87390737e-02],
       [ 4.63539889e-02,  2.93207534e-02, -1.45243780e+00,
         3.25057649e-01,  5.37510081e-03,  5.95022094e-02,
         5.77162600e-02,  9.83446839e-02,  1.01443284e-01,
         2.81916513e-02,  1.19003416e-02,  1.96081669e-01,
         4.05726158e-03,  3.87868402e-03,  9.36955608e-03,
         2.89960105e-01,  1.29992329e-01,  1.08581389e-03,
         4.02045869e-02,  1.46018775e-02],
       [ 6.71876816e-02,  6.79797190e-03,  2.22741453e-01,
        -9.89664514e-01,  6.13890511e-04,  2.37749418e-02,
         3.76214291e-01,  7.56295399e-02,  2.38634756e-02,
         2.00599411e-03,  7.67292822e-03,  3.12385315e-02,
         2.12367569e-03,  1.88486374e-03,  2.03635509e-02,
         7.81956861e-02,  2.40040710e-02,  1.95925023e-03,
         1.20580812e-02,  1.13346362e-02],
       [ 9.33756742e-02,  2.43756285e-02,  1.08821029e-02,
         1.81374603e-03, -4.87356833e-01,  3.80910275e-03,
         1.30105594e-03,  2.67953353e-02,  6.38389434e-03,
         8.65405098e-03,  3.47693768e-02,  4.81960241e-03,
         7.99253166e-03,  1.60540776e-02,  5.25457073e-03,
         1.02702974e-01,  3.28482827e-02,  1.08264780e-02,
         2.01331318e-02,  7.45652169e-02],
       [ 8.26072508e-02,  1.40086106e-01,  6.33276882e-02,
         3.69266021e-02,  2.00242850e-03, -1.37978519e+00,
         3.33274936e-01,  2.88379648e-02,  1.10105331e-01,
         5.79447806e-03,  7.86693035e-02,  2.53557754e-01,
         3.16289598e-02,  4.03029062e-03,  4.48289751e-02,
         7.50664287e-02,  5.49363362e-02,  3.25724389e-03,
         8.43000597e-03,  2.24171105e-02],
       [ 1.43908403e-01,  2.02667745e-02,  3.88587103e-02,
         3.69644996e-01,  4.32673163e-04,  2.10829953e-01,
        -1.23689359e+00,  4.96037074e-02,  1.46160186e-02,
         6.48004717e-03,  1.39573505e-02,  1.68246237e-01,
         6.45007592e-03,  3.27252380e-03,  3.27728658e-02,
         5.14323998e-02,  5.26847179e-02,  2.36373145e-03,
         7.26729376e-03,  4.38051118e-02],
       [ 1.28804316e-01,  2.69818623e-02,  4.61759948e-02,
         5.18222389e-02,  6.21438786e-03,  1.27224115e-02,
         3.45930861e-02, -4.97615305e-01,  6.39512510e-03,
         1.54886836e-03,  5.54661345e-03,  2.43186032e-02,
         3.56354393e-03,  2.01395947e-03,  1.16984369e-02,
         9.78992830e-02,  1.44609310e-02,  5.08784222e-03,
         3.83550278e-03,  1.39322980e-02],
       [ 2.88165928e-02,  9.86279100e-02,  1.62306431e-01,
         5.57192762e-02,  5.04512470e-03,  1.65523718e-01,
         3.47337211e-02,  2.17919503e-02, -9.92342352e-01,
         7.02914336e-03,  4.51901377e-02,  5.79670693e-02,
         8.27210918e-03,  2.74023283e-02,  3.34377320e-02,
         5.40027831e-02,  3.03076161e-02,  3.96432356e-03,
         1.43397841e-01,  8.80654393e-03],
       [ 1.75774906e-02,  8.62894415e-03,  2.27374806e-02,
         2.36108065e-03,  3.44758564e-03,  4.39112305e-03,
         7.76264619e-03,  2.66054716e-03,  3.54333162e-03,
        -1.23316235e+00,  2.86901849e-01,  2.10814436e-02,
         8.71432840e-02,  4.27335650e-02,  4.79948583e-03,
         2.33063652e-02,  9.33714344e-02,  3.20811429e-03,
         1.55550288e-02,  5.81951554e-01],
       [ 3.61773460e-02,  2.29671528e-02,  5.39592403e-03,
         5.07723042e-03,  7.78712400e-03,  3.35159212e-02,
         9.39981231e-03,  5.35634973e-03,  1.28067117e-02,
         1.61293890e-01, -7.26011058e-01,  1.67668149e-02,
         9.93538973e-02,  8.53150677e-02,  1.99725943e-02,
         2.51521821e-02,  2.09148274e-02,  1.00449792e-02,
         1.47571566e-02,  1.33956077e-01],
       [ 8.23951408e-02,  2.46964120e-01,  1.23567432e-01,
         2.87287663e-02,  1.50020989e-03,  1.50135495e-01,
         1.57478831e-01,  3.26392582e-02,  2.28315787e-02,
         1.64719701e-02,  2.33029658e-02, -1.12458038e+00,
         1.91231107e-02,  3.58318686e-03,  2.67471886e-02,
         7.05618738e-02,  8.88135130e-02,  2.07608023e-03,
         4.93353966e-03,  2.27261186e-02],
       [ 8.12342182e-02,  3.15274268e-02,  8.13199818e-03,
         6.21171899e-03,  7.91265839e-03,  5.95646550e-02,
         1.92016650e-02,  1.52118141e-02,  1.03625847e-02,
         2.16559061e-01,  4.39180223e-01,  6.08213111e-02,
        -1.32209849e+00,  4.80238841e-02,  8.22876997e-03,
         3.60353441e-02,  9.70828298e-02,  7.78624074e-03,
         1.58610797e-02,  1.53161006e-01],
       [ 1.91375401e-02,  4.74003756e-03,  3.94504125e-03,
         2.79773419e-03,  8.06540709e-03,  3.85161590e-03,
         4.94378712e-03,  4.36267139e-03,  1.74197608e-02,
         5.38907773e-02,  1.91375567e-01,  5.78321823e-03,
         2.43702603e-02, -7.13669467e-01,  7.75400276e-03,
         3.98311647e-02,  1.10075915e-02,  2.30948356e-02,
         2.38942598e-01,  4.83558564e-02],
       [ 1.30789041e-01,  3.13579206e-02,  8.00317997e-03,
         2.53837873e-02,  2.21694336e-03,  3.59783992e-02,
         4.15784014e-02,  2.12816861e-02,  1.78512221e-02,
         5.08295724e-03,  3.76245793e-02,  3.62538959e-02,
         3.50682607e-03,  6.51181975e-03, -6.05589533e-01,
         1.17705024e-01,  5.09314101e-02,  2.10476684e-03,
         7.99819538e-03,  2.34294784e-02],
       [ 3.06463029e-01,  5.64954735e-02,  1.63042418e-01,
         6.41659304e-02,  2.85245740e-02,  3.96595308e-02,
         4.29545276e-02,  1.17240186e-01,  1.89786831e-02,
         1.62485676e-02,  3.11911675e-02,  6.29601045e-02,
         1.01094323e-02,  2.20200458e-02,  7.74843139e-02,
        -1.39223882e+00,  2.80340983e-01,  7.90757000e-03,
         2.91351091e-02,  1.73171753e-02],
       [ 1.92845533e-01,  2.55857546e-02,  8.32830236e-02,
         2.24431082e-02,  1.03950173e-02,  3.30702829e-02,
         5.01340994e-02,  1.97319334e-02,  1.21360710e-02,
         7.41704586e-02,  2.95519843e-02,  9.02923141e-02,
         3.10325114e-02,  6.93368196e-03,  3.82015419e-02,
         3.19420652e-01, -1.15497297e+00,  1.67384865e-03,
         1.07785314e-02,  1.03292625e-01],
       [ 1.02857436e-02,  5.37140570e-02,  2.95037596e-03,
         7.76910903e-03,  1.45305800e-02,  8.31594682e-03,
         9.53959418e-03,  2.94435540e-02,  6.73253520e-03,
         1.08081154e-02,  6.01955812e-02,  8.95156718e-03,
         1.05556633e-02,  6.16978021e-02,  6.69549041e-03,
         3.82122537e-02,  7.09903625e-03, -4.66693769e-01,
         9.20111217e-02,  2.71856415e-02],
       [ 2.18869693e-02,  1.76074690e-02,  4.45530495e-02,
         1.95002140e-02,  1.10201360e-02,  8.77746631e-03,
         1.19614642e-02,  9.05229631e-03,  9.93189262e-02,
         2.13722785e-02,  3.60660117e-02,  8.67547834e-03,
         8.76940880e-03,  2.60332425e-01,  1.03764852e-02,
         5.74190655e-02,  1.86432946e-02,  3.75249558e-02,
        -7.26275191e-01,  2.34177966e-02],
       [ 1.82380955e-01,  1.16226472e-02,  8.05097399e-03,
         9.12024801e-03,  2.03071882e-02,  1.16133847e-02,
         3.58735465e-02,  1.63605201e-02,  3.03481904e-03,
         3.97836594e-01,  1.62890495e-01,  1.98837349e-02,
         4.21331247e-02,  2.62132973e-02,  1.51237250e-02,
         1.69806541e-02,  8.88935552e-02,  5.51642019e-03,
         1.16515558e-02, -1.08548744e+00]])

blosum = np.array([[-1.16422331,  0.04700554,  0.02860824,  0.02579143,  0.04000752,
         0.05395954,  0.05778864,  0.11192424,  0.0253513 ,  0.03732275,
         0.06029737,  0.05453171,  0.07433741,  0.02781601,  0.06183781,
         0.20369066,  0.0781225 ,  0.0114433 ,  0.02865225,  0.13573509],
       [ 0.04700554, -0.97664128,  0.05664431,  0.03014868,  0.01065107,
         0.11984652,  0.07332512,  0.03358167,  0.04383663,  0.02086201,
         0.03842307,  0.23947297,  0.03058881,  0.01302775,  0.02746391,
         0.05770062,  0.05479578,  0.02297462,  0.02896034,  0.02733187],
       [ 0.02860824,  0.05664431, -0.8947777 ,  0.11905429,  0.01267565,
         0.06747143,  0.05514788,  0.07125652,  0.06509475,  0.01905749,
         0.02059793,  0.07297302,  0.02130214,  0.01707692,  0.02856423,
         0.1073029 ,  0.069452  ,  0.00765821,  0.02671569,  0.0281241 ],
       [ 0.02579143,  0.03014868,  0.11905429, -0.74350614,  0.00981483,
         0.05558801,  0.15466054,  0.05101069,  0.02521926,  0.00999088,
         0.01782513,  0.04696153,  0.00580967,  0.01157533,  0.0281241 ,
         0.07226881,  0.03912727,  0.00779024,  0.01641673,  0.0163287 ],
       [ 0.04000752,  0.01065107,  0.01267565,  0.00981483, -0.33176755,
         0.00889056,  0.00620579,  0.01707692,  0.0128517 ,  0.01927755,
         0.02719983,  0.0114433 ,  0.01337985,  0.02205035,  0.00827438,
         0.0340218 ,  0.02425098,  0.00594171,  0.01452418,  0.03322957],
       [ 0.05395954,  0.11984652,  0.06747143,  0.05558801,  0.00889056,
        -1.06950803,  0.1617906 ,  0.04251625,  0.0475777 ,  0.0145682 ,
         0.04401268,  0.12957332,  0.05774463,  0.01412807,  0.03111696,
         0.07609792,  0.06439054,  0.01879341,  0.02865225,  0.03278944],
       [ 0.05778864,  0.07332512,  0.05514788,  0.15466054,  0.00620579,
         0.1617906 , -1.00626181,  0.03208524,  0.03815899,  0.01976169,
         0.02728786,  0.10910742,  0.01967367,  0.01126725,  0.05246311,
         0.06271806,  0.05572005,  0.01386399,  0.02077398,  0.03446193],
       [ 0.11192424,  0.03358167,  0.07125652,  0.05101069,  0.01707692,
         0.04251625,  0.03208524, -0.6930236 ,  0.02548334,  0.01104718,
         0.02323869,  0.03578231,  0.01786915,  0.02271054,  0.03283346,
         0.08358007,  0.03050078,  0.01439215,  0.01760507,  0.01852934],
       [ 0.0253513 ,  0.04383663,  0.06509475,  0.02521926,  0.0128517 ,
         0.0475777 ,  0.03815899,  0.02548334, -0.55724449,  0.01082712,
         0.01949762,  0.03829103,  0.01170737,  0.01760507,  0.01386399,
         0.03895122,  0.04168   ,  0.00748215,  0.05677635,  0.01698889],
       [ 0.03732275,  0.02086201,  0.01905749,  0.00999088,  0.01927755,
         0.0145682 ,  0.01976169,  0.01104718,  0.01082712, -1.18187239,
         0.24545869,  0.02447105,  0.13208204,  0.06245399,  0.01522839,
         0.02381086,  0.05351941,  0.01461221,  0.02803607,  0.41948481],
       [ 0.06029737,  0.03842307,  0.02059793,  0.01782513,  0.02719983,
         0.04401268,  0.02728786,  0.02323869,  0.01949762,  0.24545869,
        -1.33063523,  0.03212925,  0.2850701 ,  0.13974025,  0.02653964,
         0.02561538,  0.0496463 ,  0.05981323,  0.04370459,  0.14453763],
       [ 0.05453171,  0.23947297,  0.07297302,  0.04696153,  0.0114433 ,
         0.12957332,  0.10910742,  0.03578231,  0.03829103,  0.02447105,
         0.03212925, -1.07747432,  0.03239333,  0.01258763,  0.04176803,
         0.0656229 ,  0.06122163,  0.01465622,  0.0249992 ,  0.02948849],
       [ 0.07433741,  0.03058881,  0.02130214,  0.00580967,  0.01337985,
         0.05774463,  0.01967367,  0.01786915,  0.01170737,  0.13208204,
         0.2850701 ,  0.03239333, -0.98922891,  0.06157373,  0.01302775,
         0.03450594,  0.052067  ,  0.01337985,  0.02592347,  0.086793  ],
       [ 0.02781601,  0.01302775,  0.01707692,  0.01157533,  0.02205035,
         0.01412807,  0.01126725,  0.02271054,  0.01760507,  0.06245399,
         0.13974025,  0.01258763,  0.06157373, -0.80318732,  0.01949762,
         0.03265741,  0.02587945,  0.06012132,  0.18419305,  0.0472256 ],
       [ 0.06183781,  0.02746391,  0.02856423,  0.0281241 ,  0.00827438,
         0.03111696,  0.05246311,  0.03283346,  0.01386399,  0.01522839,
         0.02653964,  0.04176803,  0.01302775,  0.01949762, -0.57938287,
         0.06685525,  0.04524503,  0.01408406,  0.01844131,  0.03415384],
       [ 0.20369066,  0.05770062,  0.1073029 ,  0.07226881,  0.0340218 ,
         0.07609792,  0.06271806,  0.08358007,  0.03895122,  0.02381086,
         0.02561538,  0.0656229 ,  0.03450594,  0.03265741,  0.06685525,
        -1.34802024,  0.26737701,  0.02328271,  0.03221728,  0.03974345],
       [ 0.0781225 ,  0.05479578,  0.069452  ,  0.03912727,  0.02425098,
         0.06439054,  0.05572005,  0.03050078,  0.04168   ,  0.05351941,
         0.0496463 ,  0.06122163,  0.052067  ,  0.02587945,  0.04524503,
         0.26737701, -1.17901156,  0.02759595,  0.02689175,  0.11152812],
       [ 0.0114433 ,  0.02297462,  0.00765821,  0.00779024,  0.00594171,
         0.01879341,  0.01386399,  0.01439215,  0.00748215,  0.01461221,
         0.05981323,  0.01465622,  0.01337985,  0.06012132,  0.01408406,
         0.02328271,  0.02759595, -0.44914936,  0.08736516,  0.02389888],
       [ 0.02865225,  0.02896034,  0.02671569,  0.01641673,  0.01452418,
         0.02865225,  0.02077398,  0.01760507,  0.05677635,  0.02803607,
         0.04370459,  0.0249992 ,  0.02592347,  0.18419305,  0.01844131,
         0.03221728,  0.02689175,  0.08736516, -0.73963302,  0.02878429],
       [ 0.13573509,  0.02733187,  0.0281241 ,  0.0163287 ,  0.03322957,
         0.03278944,  0.03446193,  0.01852934,  0.01698889,  0.41948481,
         0.14453763,  0.02948849,  0.086793  ,  0.0472256 ,  0.03415384,
         0.03974345,  0.11152812,  0.02389888,  0.02878429, -1.30915705]])

#%% NUCLEOTIDE SUBSTITUTION MODELS

JC69 = np.array([[-1,1/3,1/3,1/3],
              [1/3,-1,1/3,1/3],
              [1/3,1/3,-1,1/3],
              [1/3,1/3,1/3,-1]])

def K80(alpha, beta):
    K = np.array([-1, alpha/(alpha+2*beta), beta/(alpha+2*beta), beta/(alpha+2*beta)],
                 [alpha/(alpha+2*beta), -1, beta/(alpha+2*beta), beta/(alpha+2*beta)],
                 [beta/(alpha+2*beta), beta/(alpha+2*beta), -1, alpha/(alpha+2*beta)],
                 [beta/(alpha+2*beta), beta/(alpha+2*beta), alpha/(alpha+2*beta), -1]) 
    
    return K
    